image_width: 640
image_height: 480
camera_name: cam1
camera_matrix:
  rows: 3
  cols: 3
  data: [312.799403, 0.000000, 334.641802, 0.000000, 314.101039, 226.619310, 0.000000, 0.000000, 1.000000]
distortion_model: plumb_bob
distortion_coefficients:
  rows: 1
  cols: 5
  data: [0.014764, 0.008421, 0.003775, 0.005232, 0.000000]

